pose:
  position:
    x: -2.6990628779511536
    y: 4.284892282614463
    z: 0.0
  orientation:
    x: 0.0
    y: 0.0
    z: 0.9998807176078226
    w: 0.015445081937809064
covariance: [0.0036587404424750503, -0.0025983272147946934, 0.0, 0.0, 0.0, 0.0, -0.0025983272147946934, 0.013886336011616152, 0.0, 0.0, 0.0, 0.0, 0.0, 0.0, 0.0, 0.0, 0.0, 0.0, 0.0, 0.0, 0.0, 0.0, 0.0, 0.0, 0.0, 0.0, 0.0, 0.0, 0.0, 0.0, 0.0, 0.0, 0.0, 0.0, 0.0, 0.00227724672079602]


pose:
  position:
    x: 3.4380879070952868
    y: 13.002072170219298
    z: 0.0
  orientation:
    x: 0.0
    y: 0.0
    z: 0.6933571246516026
    w: 0.7205941282683769
covariance: [0.07636664882807942, -0.018197384932996385, 0.0, 0.0, 0.0, 0.0, -0.018197384932996385, 0.024580485764658988, 0.0, 0.0, 0.0, 0.0, 0.0, 0.0, 0.0, 0.0, 0.0, 0.0, 0.0, 0.0, 0.0, 0.0, 0.0, 0.0, 0.0, 0.0, 0.0, 0.0, 0.0, 0.0, 0.0, 0.0, 0.0, 0.0, 0.0, 0.008436832460846713]